-76
-39
-11
23
24
-78
23
45
27
03
-38
41
01
-40
-38
-61
37
-12
-26
-33
23
22
11
12
-39
76
-06
05
31
02
19
-68
54
-21
-52
-68
01
03
-104
81
01
-16
-26
-33
62
-09
18
-113
41
-63
-03
-17
10
-18
19
-111
-68
-55
43
-29
-75
20
-03
-32
-24
-20
-11
-20
-13
13
37
21
08
-125
-68
-98
70
35
06
22
03
29
-99
-16
-51
-118
-70
56
-13
32
13
-35
46
12
21
-49
-38
-40
-17
-65
41
-16
-38
30
-80
15
91
-104
-41
-79
18
15
-03
82
130
97
10
25
-11
-16
-62
-10
-89
-83
-03
-157
-07
-101
32
17
-99
-107
-27
-11
09
-64
-49
-55
-56
19
-28
-22
-154
-47
-03
-09
-64
-42
66
10
-63
55
-11
-26
-23
40
29
20
-08
11
-44
-63
22
15
33
-89
-91
14
-18
-70
-92
50
-36
13
20
54
-01
68
-13
01
05
50
-124
-16
-17
46
47
12
28
-16
-49
27
-74
22
-24
-04
15
10
-08
26
53
-46
-01
-48
05
20
-133
-19
-09
-12
32
41
-06
-24
-42
-65
-50
06
33
-93
04
07
13
-23
-20
-129
01
-17
-21
-73
-13
-101
-36
62
-01
49
-42
-06
82
06
37
-13
05
13
-63
16
-08
-54
00
-81
09
57
29
14
80
-98
22
42
-47
-152
09
09
57
63
47
00
48
-13
45
-80
07
-57
-36
57
14
74
-71
34
23
23
-24
-24
-20
-35
34
-74
62
09
37
01
-36
43
40
19
13
20
-99
16
54
10
58
-13
-71
-51
17
-52
-41
-49
12
06
-85
-109
00
-65
-75
-34
07
-06
34
24
51
-23
-14
17
12
-23
07
09
-05
00
23
-57
-14
-04
26
-38
-31
11
-43
-63
-02
28
06
42
19
-07
-38
53
-68
-30
-08
-66
46
25
-25
-114
24
04
-66
00
-09
00
44
21
27
07
36
-37
-32
11
16
-42
40
20
25
-66
-05
35
18
-45
-54
-59
46
06
27
30
-49
31
04
-19
-16
-17
05
-91
17
18
-54
23
08
-07
-89
24
27
-01
-84
23
-61
12
21
-40
52
58
-06
120
111
42
-12
-02
05
-13
10
09
36
25
26
-60
01
05
-20
-11
13
-110
-49
-102
-01
-43
29
21
25
-37
-62
-23
04
-110
30
01
-09
19
-94
64
31
-69
-64
23
14
-48
-04
03
42
32
-07
-19
-34
-47
-40
-21
-16
09
16
-12
-61
-09
-45
14
-08
31
-01
-113
-68
-09
16
-24
39
-08
-90
-23
33
-125
-28
-21
12
-55
-73
15
-56
-12
31
03
12
-57
-04
24
-15
-30
12
-08
63
06
-01
58
-05
-143
-05
37
-55
-19
10
-31
11
96
-45
48
-51
02
-48
16
-07
13
-15
03
17
158
09
-15
-04
05
-09
-43
-06
01
45
19
-32
63
-87
-35
05
48
-04
-38
-28
-77
23
03
-32
99
15
-09
25
17
84
-31
-109
-17
-29
26
53
13
-35
33
26
-16
36
-02
03
-29
-06
-84
08
08
27
-26
-04
37
-12
33
-51
22
-102
04
-12
54
-17
-108
15
-02
-92
-01
-105
41
-135
23
28
46
-31
04
39
19
14
47
-60
-57
06
-44
98
-126
06
-67
-89
33
-27
-123
40
-45
-01
36
-03
-43
33
01
13
41
-44
-20
22
-95
-20
-41
-80
29
09
-55
-26
-107
26
25
25
-110
67
-61
27
51
57
-04
32
13
-78
07
32
-62
49
23
-109
-02
-116
-95
23
07
11
05
-27
40
33
-138
-64
-85
26
-88
07
21
05
-32
-18
25
-95
51
07
-13
50
11
29
16
25
16
05
-33
-16
-119
-37
44
19
29
-10
-41
23
-16
-12
24
-41
-26
11
15
-05
-105
-71
73
-77
18
05
-102
87
-33
-50
02
16
-47
-01
33
48
07
-13
60
80
77
-42
35
14
20
49
45
-121
-08
-47
13
-23
-09
-10
03
-68
40
-31
30
-123
-43
-52
09
-03
-81
-27
09
-20
-06
38
-81
05
24
-83
-52
15
07
03
-69
03
18
-08
75
-34
-08
-29
-65
-26
-12
31
-130
71
-18
-41
-38
16
-43
-06
-12
08
10
-28
-22
37
-06
53
72
-44
-01
04
28
14
24
-62
10
-01
-02
45
22
03
03
-45
-73
15
-65
41
00
-114
19
-06
-12
01
31
08
-10
-71
12
-16
31
-29
10
08
12
-01
31
43
-73
30
23
47
-27
10
28
00
-35
33
-20
07
-06
-08
16
-38
-04
02
15
31
-02
-90
-12
-26
15
09
17
-36
24
-70
25
15
-53
-35
-37
24
-130
16
12
20
-03
47
-39
01
48
-63
-25
-31
-58
-21
17
03
-27
-84
54
00
40
-46
22
-48
-30
-26
-02
31
32
19
12
13
03
-08
-60
-22
41
03
-132
-90
-08
-29
53
-76
-17
-14
09
32
27
05
42
01
22
-20
35
13
-81
-63
-105
-17
45
25
-12
-31
-49
-114
-03
47
-07
25
-19
-04
35
-17
37
14
-41
-128
-23
-83
-17
09
15
-58
14
41
25
-27
-59
03
28
-63
03
43
-17
-33
-12
00
16
22
-02
11
-23
-18
-13
04
-25
-35
08
32
13
06
-50
24
-25
17
-48
70
-16
-07
12
58
16
-06
-129
