000011100
110010000
111011011
000101010
000000011
000100001
111000000
111000000
110110010
000011010
000001010
000010110
000011100
111101111
111000111
111010110
000000000
111001001
000001100
111100000
000001010
111010010
110110100
000110101
000010001
111101111
111001111
000000110
000010001
000011001
111110010
111110011
111110101
110101000
000010100
110111000
110110010
000101111
110111111
000011101
000100100
111101001
000000001
000010110
000110011
111110011
111011010
111101100
111100010
000010011
000000101
111111011
000001011
000010011
000010101
000000101
000010010
111111100
110000010
000000111
110011110
001000010
110111110
000001100
111110100
111010011
110111000
111001000
111100111
000011010
111110110
111001000
000000101
000010101
111100101
111101111
111101100
111000011
111010100
000000101
000011000
000000110
110100111
000100011
110111100
000101100
111010000
111110010
000101001
000010011
000000111
111011110
000011011
000010010
000011111
000110001
000011010
111110001
110010011
000011010
111100100
110100100
000011001
000001010
001000010
111010001
111000100
111100000
111110101
111101010
001001000
000100000
110101010
111011101
111001000
000000101
101100111
111000111
000010011
111100000
110001000
000101001
111011011
110100101
000010011
110001111
111100010
111111000
111010000
110011101
110011111
000011101
000000000
000000101
111010000
111101100
000111011
000010000
111111000
111011000
000011010
000011001
111010101
111100101
000100101
110111111
000010100
111110001
000000010
000011010
000010100
000100100
111111010
110110101
110111000
000000101
110011011
000100100
001001011
111011100
001000100
001111011
000110011
000110011
000010011
111111011
001100101
000101000
110111010
110010111
111111010
110100111
000001110
111011011
111111000
111100010
111111101
000101000
111011000
111001111
110111100
000001100
000001011
000011011
110111010
111111110
000011101
110011110
001111010
111100111
000100011
111111001
111000101
111101010
110001101
110111010
000000000
111010110
111101101
111010001
000010001
111100010
000000110
000110100
000010011
111111111
111101001
001001111
000011110
111100110
000011010
111001000
000011010
111111010
000010111
000001101
000100100
111011011
000110001
000111010
111011011
110110010
000010010
111101101
000000101
111010101
000000001
111101001
111110101
111011100
110111111
000010101
110011100
111011001
111110001
000111111
000001000
111111000
000111111
111011001
001000100
110111100
111111010
111100010
111001101
000010000
111111110
000100110
000010011
000101011
000011110
110110100
000001011
111111101
000011110
111111111
110111100
111000111
111010100
111101100
111101111
000100101
000100111
111011000
000011100
000110111
000001110
000101101
000100000
110110000
000100110
000011000
001001010
000100010
111101111
111011010
000011000
000010001
000100010
111010001
000100101
000101001
000010011
110011001
000011011
000110000
110001101
000100011
000000000
111011010
111001000
000100011
110001000
000001100
111111011
111110010
111011001
000000111
101100111
111101000
000000101
001010010
000000011
000001101
000100000
111110111
111101010
110110100
111110101
000010000
000001111
111101101
000100001
000001100
000001000
111100001
000011000
000101101
111101110
111011101
000011011
111011101
000100110
000011001
000011000
001000110
000001101
000010110
111101101
000100110
000001010
000010010
111110111
000000100
111100011
000100101
000100110
110011110
000101000
000011111
000010010
000001110
000011000
000010110
110110010
111110110
000010100
000011000
000000001
000011110
000001011
111111011
000011011
111100010
000010100
111111010
000100011
111101011
111101000
000000110
000011101
110010110
000011101
111100001
111100011
111011111
111101110
111001000
000000111
000110111
111111110
111000001
000100000
000001111
111100100
111010110
111111100
000010000
000001101
000001010
111110010
111111000
111010110
000000011
111110110
111100101
110110010
000000111
110010110
110110100
000001111
000010110
111100100
111100100
000000001
111110100
110100111
111010101
111100100
111101010
111011110
111111001
111110110
110101010
111111001
000010100
000000110
000110000
111001010
110011100
110101011
111100111
111111110
000011101
000001010
000110101
111100111
000100010
000011110
000011001
111110010
000010101
111101010
110100100
110111001
101110011
111110111
000011011
000010001
111000101
000011100
111000111
111111000
000011100
000000000
111110111
111110001
001000110
111001101
101001101
111100101
000011111
111100110
000001100
000010100
000010000
111100111
111001010
000000001
110111010
111010010
000101001
111111000
000000011
110111100
000000011
111101100
000100010
111101110
000011111
111001110
001001111
110111100
111100101
000001001
000011111
111110010
111111010
000001110
110101110
000101010
000010010
110110010
000010001
000001111
111111110
001101011
111100011
111111100
000010110
111101100
111001101
000011001
000010011
010110011
110001001
111111100
111001001
111101001
000100001
000001011
111110110
111010110
111011111
111011010
111110101
000000010
000000100
111111010
000010011
000100111
001001111
000001011
111100000
000001101
111110101
000110100
000111000
000110111
000100101
111010110
000010000
111011011
000000101
111111101
110011001
111011010
111101111
101100000
111001111
000100001
111011111
000110000
000010100
000010001
001001000
000000000
111010011
111111110
000100101
000001100
000000011
000010100
111110000
000000100
111000110
000000111
101000010
110100011
001000100
110001110
111110111
000001001
000001101
111110011
111011000
000010000
000010110
111100100
111101011
000011101
111010100
111100100
000011110
111111011
111111011
000010100
000101011
000101001
111111100
000111101
111001111
000100100
110111000
111111011
111011101
110001011
111100110
000000100
000100101
111000011
000010001
111010010
000010111
000101100
000011100
000000110
000000000
111110011
111111010
000010001
001000000
110110110
111110100
110101100
000010011
001001101
000010011
111010001
111111110
000100000
000011000
000101100
000001110
111111111
111101100
111111001
000000110
001010100
000000000
110111110
101010011
000001110
000100101
110000010
000010011
110010001
111100001
000011001
111111111
111101101
000101000
000000011
111111000
111010110
111111101
111010000
111100011
111110001
000110011
000001111
000010101
110010011
111110011
000100010
111110101
110000100
111110111
000011111
000010111
000000111
000000011
111101111
110111011
000001111
111100111
000000101
000010100
110111100
001011000
110000100
000101000
111111000
000011010
000101101
000000100
000010101
111101001
110101110
111101001
000001110
111101100
000010001
111011111
111011100
111110101
111011111
111110100
111100110
000010101
111101110
110101101
110011111
001000000
111111101
000010110
101111111
000011011
101111111
111111000
110101100
111101110
110101110
000010000
000011111
000010000
111010010
110111011
111101001
111011000
111000000
000110111
000111010
111111010
111101100
000110001
111001101
111111100
111001001
000011111
110011110
000110111
000011101
000010010
000010000
000101100
000111101
000010000
001100010
111100110
000101111
111110101
111000111
000001001
111110001
111100000
000100110
111111001
000111100
111100100
111111111
111000010
000001111
000001110
000010011
000011111
000001001
000010000
000101010
000011111
111110001
000010101
000000000
000010110
110101101
111010000
000001101
000011000
111110100
110010010
000010100
111111011
000100011
000010010
111100100
001011101
110101001
111010100
000110100
110101100
000001101
111010100
000001010
111100011
111101100
110111000
111001000
111110000
000010011
110110011
110001100
000010010
111000011
000001010
000101110
111111111
000001110
110010001
001010100
111011010
000000010
001100001
000001010
000000100
111000010
111001110
000110000
111011011
000010011
110111011
000010001
000100110
111001101
111100111
110100101
000000011
111001000
000001011
111001111
111111101
001100101
111000010
000001101
000000101
111010000
111011110
000001011
000011111
000001000
000110110
000010100
101111010
001011011
000001010
000011000
111010100
000010011
111100001
111111101
000000100
110110111
110011011
000011011
000100000
111100011
111101110
111111001
110110100
111101111
000000101
111110110
000011100
111101111
000010100
000010100
111111110
000010011
111111010
111110111
111001100
111010110
111100111
000000000
000001011
000010010
110101111
000001111
111101001
000001110
000100011
111110111
000000000
000001011
111101101
000010001
000000101
111111000
111111101
111101100
110110000
111100100
000010100
000010000
000001111
111000110
111111101
000010011
000010010
000011011
000001001
000010010
111110000
111111101
000011010
000010011
000000001
111110100
000110110
111101111
000011110
110101010
110110101
111011011
111101100
000011010
111010111
110011100
000001111
000001011
000110100
000010011
000011010
000001011
111101111
000011111
000010010
000011101
111110110
000100100
000011001
111001101
111101110
111100101
111111010
000010011
111111110
000001111
000001000
000011101
111011000
111111000
111101001
110101011
111110010
111011001
111010111
000111010
000011010
111011101
000100000
000100010
000011101
111111110
110011001
111110111
111111010
000100000
111100001
111000101
111111101
110111100
111101100
111101011
111000111
000010101
000000000
000101110
000011101
000011100
111111010
111111000
000101100
111110001
111110100
110111101
111110111
000010111
000001001
000001001
111100000
000000110
111010100
000010011
000101001
000010000
110010010
000001100
001000001
111011101
111101110
000100000
000010000
000001010
111001100
000011101
000110001
111111010
111000101
000001111
000010111
110111011
000010101
000001101
000011000
111111110
000000100
000000011
111010100
111010001
111101101
111111000
111000000
111101101
000001001
000001111
000000110
111111001
000000110
000001000
111100001
000010001
000000010
110100010
110110000
000001100
000010011
110110011
000010001
000000011
000001111
111010100
101100110
000001100
000010101
101111110
111000010
000101011
111100110
000001101
000001000
111111100
110110100
111100000
000010110
000100111
000101111
111100110
000000010
111110000
000000000
