000010100
111111101
111111111
111101100
000110101
111110010
000000110
000011011
000011011
111101011
000010110
000010000
111101111
111110000
111110001
111111110
111010110
111100110
111110011
000010110
000000000
000101000
111110011
111101010
000000000
111111011
000001110
000000100
111101000
111101000
111101010
000001000
000011000
000001011
111101100
111101100
000010010
111111001
111101101
000011111
000001000
000001000
111100100
111100011
000010101
111100111
000000001
111101100
111110101
111100101
111101001
000000000
111010111
111101001
111100001
111110101
111101111
111100111
000101101
111100011
000101011
000111100
000011111
000100010
000001101
000011110
000101110
000100011
000000010
111010001
111111010
111111111
000000110
000011001
111110001
111111111
111110100
000011101
111010011
111010100
000100011
000110101
000010000
000010010
000000100
000001100
000100001
111101110
000100000
111111100
000011010
000101011
000101111
111110000
111111101
111011010
000001010
111110110
000010001
111101110
