000001000000001011111110101000001011000000011000001001000000001111111101000000110111101011111101000111101000000010110111111100000001101000000010111111011111101001000000100000000010111110101111100101000000101000001001111111001000000000000010001000011010111110000000000110000111110000000100111111001111101100111100011001000110111011110111111000000010001000000100000001000110100010000100111000010110111100011111110000111101110000000001111111010111101011111111010111111110000000100111101100110111111000000100111110100111111111000100101000010011000010011111101110000000000000001011
000000101111110111111110101000000001000000101000001000000001000000001011000000001111111100110110100111110001111101111000001000000010011000001010111110110000101100000110011111110000111101110000011011000101110000000111000000000000000101000010111000000001111110001000100000000010000000001010000001001111100111111110111111111011000111000000101000000101011111110101000000011000010101111000011000001001111110111110101101111000101111111010000000011111101101111110101000000101111111011111011110111011100000001000111111000000001100000100111000011010000011100000000100111110101111111101
000001011000001100111111101000000010000000111000000011111111111111111000000000010000100000000010001111100000111110001000001000111110101000001000000001011000101011000100110000000001111111011000001000111110100000001011000000010000000110000001111000000101000001010000011111000001000000001011000000000111100100000011000000011010000011100000110001111101001000000011000000001111000100111100011000011000111111010000010100110110011111111011111111000111111000111100010111111010111111110111111001111011001000000011000000111000000101000010001000000100000010111000011110000000111111111111
111111100111111000111110111000000010000001000111111010111111100000000010111110100000010000111011001111011000110111001110100100111110010000001100111110111000000010000100000000011010000101110111110100000001011111111110000001010000110101000010100000010100000000111000001010111111110111110111000001010111111001111100010111111110000001100000010010111111011111110110000001000000010111000000111111101111111011100000101000111111110111111101111110110000010011000001000111111001000010001111111000000000001111111110000000001111110101111010111000000110000011111000000010000000010111110100
000000110111110100000000100000000100111111110000000110000000110111111110111110111000000100111011100111010000110110001111010101111100010111110111111111101111011011111101011000110111000111001000010001000000010000000100000001100000001110000100100111110010000000110000001110000011110000001100000001011000101110000010011111101111111000101000000101000001101000000011000001001000011100111111011111100101000000011000010001111110100111111100111110101110111010111001011000001100111111001000000011000001000000001100000000101111110111111101110000010111000100010000100000111110100000000000
000001010000000001111111010111110101000001001000001000111110111111110111000000001111101111111111011111110111111101011000000001000000111000001000111111111111111010111011011000001110111110000000010101111111010000000010111111101000001000000000110111100000111111000000101111000001010000000111111111000000100101000010011000100001001000110000000101111111000111111111000001001000011110111110011000000101111111001111111110000011001111111011000001010111110000111111000111101101111010111000011101000010000111111111111110101000000110111100000111011001000000000111101111111111000111110100
000001001111111111000000000111111100000000010111110101111110101000000110000000101000000000111010101111110111111000100111000000111000101000000010111111110000000010111110000000011110000000101000000011000000011000000001000001000111100111111111100000000010111110000000100111000110101000000010000000010111010110111100001000110000000001000110101101111100000111111010000000111111111011111101010000001000111111010110011010111100100111110100111111001000010001000100100000000111111110010110011101111111010000001001000001010000000101000010100000010011000001010111111100111111101111111110
000000111111111010111111000111111100111111000000001100111111101000000000000001100111110010000011000000100000000010100000010001000010101000001010111110101000000010000010011000110001000001010111111010000011011111111001111110101111100101110110101110011001111101011111111011000101001111111101000001011110010111111000010000000011000010001111011011110100000000001010000001001000001011000111011000100110000010000111111011000100110111111111000000010000001111000110011000000001000000011000011101000111100000000101000000000000000011000001111000010111000100110000000101111110111111111000
000000010000000101111111100000000110000001011000000011000000110000000101111111001111110010000010101111100110000100001111111010000010001000001011111110110000010011111111000111110001111010011111111000000001110111111010000000000111101101111101100111100001000010100000011001000100100111111000000000011000011000111000110111101101000001011111111001111011100111110100000000100000100010000111000000111110000011001111101111111111001000001000000000111110100110110000001110011111111001001111011111000001010111111101111111010111111111111110100111110000000000010000000101111111000000000111
000001011111111000111111011111110101000000110111111110111111001000001011111111111000010110000001011000010111000101011000001010000001111111110100111111011000011011000110000111111000000000110000011100000111011000000010000001100000010110000010111000001000111110010111011101111010110111111001111110110111011100111011100111110001111111010000000110000001111000000110111111010000101110000000100000010111000001100000100000000010010000000101000000000000001100000010001000010001000110110111111101111111101000001100111111001000001100000000100000000001111110000111111100111111110111111010
111111000000000000111110110000001010111111100000001000111110111111111110111111010111111110111010110000000101001010001000110000000010000111110100000001100111110100000001110000001000111111111111111100111110010000000010000000001111111011000000000000000101111011001111101111111110111111111111111110111111011101111110011000100110111011010111011111000000001000001001000000000111101100000000110000000000111100110000100001000101010000000111000000111000100100000111010001010100001010100000111011000011001111110111000000010000001010111110000111111011111001101111100010000001000111111110
000000001000000101111111001000000100111110111000001011111111010000001000111111101000000010111001111101111110110110001000010101000111001000001001111110110111111101111001011111001101000011101000101000000101110000001010111111101111101100110111110000001111111100110110011011111110000111111011000001000111100111111111100000100010000001100111000110111011111111111101000001010110110010000000010000011010111111100111001101111100100000000111000000100111011111111101111000001100000010101111110111111100100111111111000001001111111111111110001111111100111110111000000100111110110111111010
000000011111111000111111001111110100000000101111110100000000000111110101111111101000001100111001001110101010110100001111101100000011000111111000000000100111100101111011110111101011000000111000011011000101000111111011111111101110101001000110001000101110000011000111110111000110011111111010000000111111011010000101011000001101000000010111111000000001010000000001000000010000000000000011110111101001111101111111101000111101111111110101000001011111010100000000010000010001000001000111111001000110100111111110000001000111111011111100110111100111111100010111111001111110111111111110
111110111111111110111110111111110101111110111111111100000001010111111100000001001000011100000010101000001001111110100111010011000001101111111111111110100000010010111110001000110110000001100111000110111100100000000110000000100111100000111111010000001010111110101111001000111110000111110110111111100000000011000000111111010001111111100000000000111011011000001011000001011111110101000010100110100110001101100000010000000010111000000001111111000111100001110100111110110011001001011000011010111000110111111010111111000000001001000000111000101101000111110000010000111111001111111010
111110100111111010000001001111111100000000111111111001111110101111111001111111010000100100000010111000111110000000101110111010111011101000001100111111101000010110111110110111101000000011111001001000000101101111110110000000100111011010111110011000011010111101100111111000000010100000000110000000010000001110111101001111001010111101010000011110000011110111111100111111000000100001000001110000010001000001101111101011111111010000000001111111000000000010000001111000001110000000001111101100111011110111111110000000000000000001000001011000001100000010010000010010111111111111111101
111110111111111100000000010000001011000000101111111110000000011111110100000001100000011100000000011111100001000011011111100111111011000111111010000000001000001101000000101001000001000011100000010111000000101000000101111110101000011000111111011111101010000001110000001110000001110000000000111111111000011011000000011111110101111100010000011011111111111000000111000001001000001100000010111111111011111111011111111100111001010111111011111110100000001010111111111000010100000001001111111101111110111111110101000000000111111111000011001000001111000110011000011110111110101111111010
000001010111110110000001011000000011111111001000001010000001001111110111111111010111100110000001111111110010000010101111110101111101100000000010000001001111110110111100011000000001000001000000000101111101100111111100000001010111111110111110000111001110111000010000001011000011000000000010111110111000011000001001110000011001111111001000110110000010101000000001000000100111110111000100111000101010000100110111111110111110110111111001111111011000101001111011100111011110111110111111101100111101111111111111111111111111110111111110010111100101000011001000011100000000000111111110
000000000000000011000000101111111100000000001111111000111111101000000001000000111111101011000100010000010111000100011111111000111011010000001001111110110000110000000110111000101010000100000000101001000100000111111111000000110111011111111100100111000011111011111000000011111110000111111010111110101110101100111101010111101101111111000111000110111111100111111111000001000000000010000011100000000001000101010111101011111111111000000111111111000000001011000010110000101001000011001000011100000100111000000010000001001111111011000100011000101011001010101000101001000000001000000100
000000100000000101000001010111110100111111100111111101111110110111110100000000011000000111111110000111011100111101111111110000000010001111111101111111000111100101111101111111100110000110101000100010111110000000000010000001010111100111000000110111111011111011010111011010000100011000000101000000010111111001111100011000111101111101000111110010111011111111110101000001001111100100000100000000011101111010101000001110001000101111111000000000110000001101000001010111111110111101101111011010111111000000000011111111011000000100000010000111111111000000111000010000000000010000001011
000000010000000100000001100111110100000001001111111100111111010111110110000001000111111010111010011110000000110100110110110001110111100111111010111111101111001111111010001110111010000010011000100110000011010000001011000000011000001110111111011000011011000011001000001111000100001111111101000001011111111000000010000111111001000001011111001011111110011111111011111111001111100110111111100000100001111100000110011111111110010111111010111111001111110001111111111111111001110101000110101010000011011000001010000001100111111001000101011000101101000001110000011101111111101000000011
111111001111111111000000111111110101111111011111111001000000110000001001111111011000011000000001101000011111000010111000001101000001100111111100111110100111111011111110111111111010000000001000011101111000001111110101000000100111000100111101110000011001000111111111010110110011010000000101000000110000001100111100010111100111111110011000000101000011111000000000111110110000010111000000101111100111000000011000010100000110010000000100000000000000000001111111011111110001111110001000100010000010011000000011111111011111110111111011110111100111111000001111010001000000000000000100
111111101000001000111111110111111110000000000111110111000001100111111100000000110000000010111110001000000000111011001111111010111100100111111010111110101000100010000010001000000101111111110000010110111101111111111111000000110000010101000100000111111111000001010000101101111101110000000010000000011000100000111111001110111001000001101000111111000010001000001100000000100111110110111111111111111111000000011111011010101111100000001010000001010000011100000000110111110011111011111000000100111100100000000011111111111000001100000100100000011010000001111000011001000000111000000000
111111010000001010000001000111110110000000011000000100111111110000000110111110110111111111111110101000010111111100101111111101111111011000000011000000011000110011111111100110111011111110011000000100000000111111110111000000101111000001000011011000110100111111010111101011111101100111111101000001100000000110000101111111111001000001111000111100000010110111111110111110110000000000000010000000001111000100110111100100111001011111111101000000011000010001111111010111101001111001011111010111111100101111110101111111010000000001000010011000001001111101110111110111111111011000000001
111110101111111110000000001111111011000000110000000111111111011111110101111111110111111011000011101000100011000101011000111111001011011000000001111111000000010011000101011000011110111110010111011101111010101000000101000000100000001000111111100000001011000001000111011000110101001000000000000001010110101011111000000111000101000000011000011100000010000000000001111110110000100011111101010111110111000011101000011111000001111000001100111111001000110100001010001000101111000000000111110100000001011111111000111111010000000111111001110111010011110110111111100100000001001000000110
111111001000000010000000011111110100000000000111111011000001011111110110000000101000110101110110000111011000001000000000011000111010111111111011111110111001000100000011010111111100111011100001100000111101111000001000000001001110111110111100100111001001000101000000100111110110100000000010000000001111110011000000000000010100000100011111011000111011110000000011111110101000010010000010100000000011111011101111101111111101011000000001111111011000010100000011110000010001000000001111100010000000010000001011000001100000000111000111000000101000111111101000010000000001000000001000
000000001000000111111111111111111110000000000000000010000001010000001000000001011111111000111010100111011101000010010000010000111111111000000011000000011111100011111010110000011111111000011000101001111101000000000100111111111111100101111111010111110101111111001000010010000100011111110110111111101111110100111101110000111111000001101111010001000001101000000110000001001111110111000010110111111110111111101111110110000100000111111111000000011111001001111100101000100110000000111111100111000010101000000010000001011000000101111110001111110011000000110111111011000000111111111011
111110111000001000000001001111111101111111110111110111111111101000001000000001011111101101111111000000001011000110001000010000000000101000000011000001100111100011000010111000011010111100101111110100111111010000000111000000011111101001000010100111111111111011011000010111000010000111111100000000001111010110000001010000001011111011101111111000000011100111110110111111111111101111111110111000110111111100100000001110000001101000000110000000101111110001111100100111111001000110110000010011000010110000000011000000110111111100111101110111101111111110001111101111111111100000000010
111111111000001000000000000000001000000000111111111000111111111000000100000001001000000111000000001111111001111110111111010101111000111000000110000001011000011111000010010111100111111111000000010111111101000000000000111111001111110001111010111000100010000111000000001111111010010000000100000001000000010001111101010000001100000011001000010000111110100000001100000001100000010101111101101111010011000000101000010100111001100000001001111111111000010010000001000000001001000010000000001000111101000000000111000001100111111011111110110111010111111101100111111000111111110111111101
000001010000001100111111001000000101111111010111110101000000100000001001000000110111111011110111101110010010110110010111100100111111101111111101111111001111010000000000000000101100000001001000010011000000111000000110111111000000100111000011111001001010000000010000001101111110110111111111000000001000001100111010100111010011000011100111100000000000000000000101111110110110001001111101010000101000111101011111011011000000110000000010111111001111011110111111111111101110111011111111110101111111100000001011111111111000001000000100001000001111000100010000001100111111011111110100
111111110000001010111111011111111010000000001111111100111110101000001000000000111000100100111001001110010110111100001111011000111000111000000000000001100111100011000001010111111111000100010000101010000100111000000101111110100111010101000010110111100101111111000111010010111100001111111110000000111111011110000000010111111101000100000111011000111101111000001001000000010111000100111001000000001010111111100110101101111011111111110100000000111000000010000000100000100000111011111110011011000010100000000011000000110111111010000100111000100100000010001000010010111111011000001100
000000010000000001111111001111111110000001011000000100000001001111111110000001010111100110000001011000100011000011001000111010000011011000001100000000001000000111000011001111111110111100000000001011000101011111111010000000000111111011111111100000010111111011110111110010000001101000001011111110100111100010000000111000001110111111110111110001000010111000001011111111010000010001000011100000001000000011011000010111000011111111110111111110110111101000000010110000001111000000100000001011000000111111111110000000101111110111111100001111111010111100100111100111000000110000001010
000001010000000001111111000111111111000000101111111010000001010000000110111111011111110101000110010001010111000100001000000000111110000000000100000000111000001000111001111111101011000001000000001100000011111111110111000001001110111100111001011111011110000011011000001001000000010000001000111110110000010011111100100000001011111101011110111000111100101000000000000000001000111010000100101111111110000101101000011100000101011111111010000001011000010000000100100000010100000010000000101101000111111000000000000001100000000110111101010111101111111110111111111000111110101111111111
000000111111111111000001001111110110111111111111110100000000001000001010111111011000101001000011010000011101000000001111100100000100101000001000111111110111011110111110000000011001000001101111100001000000110111110100111110111111011101111110110000010111111100110110111001110100010000001010000000011111100011111011111000000001111111011000000101000000110000001000000000000000100011111001110111000000111110001000011110000011111000000101111111000000111010000111110000110101000101000000011011111110111111111111111111000000001100111110110111110110111000111111010100111111110000001010
111110101000000101111111110000001011111111101000000001000001011000000011111111001111110111111111110000010110111110011111000110111110100111110110000000000000010111000101011000110011111110111111110111111011111111110101000001100111111101111101010111011001000100100111101100111100100000001000000001000111111000111000000000001000000001001111110010000000100111110110000000010110100000110011111001001000000011100000000101111101011111111111111111001110101110111010011111101110111110101000001110000000111111111011111110110000000110000010100000011110000111100000010100000000111111110100
000000101111111110000001010000001100000001010111111100111111101000000100000000111000011110111111000111100001111111011111111000000000001000000101000001000111110111111101000000001010000001011111111110111011111000000011111111010111101110000011011000001000000001010000110000000001111111111011000001011111011101000011001000011111000010011000011110111110100000001010000000110111011010111010010000001110111111010111110000110111011000000001000001001000000101111101100111110010111101001111111001000000100111111100111111101111110100111101000111100100000001111000010010111110100000001010
111110111000001010000001010111110111111111001111111100111110100111110111111110111111111111000111110001010000000100110000000100111100110000001011000001011000011010111011100111110011000111101001000110000100100111111110111111010111101001111101000111100111111101101000000010111111111000000010000000110000011000111110110111101011111100010111111111111000111000001001111110100000010111000001100000000100000101100111110100000000000111111110111110110000010111000011011000011100111110010111110110000100001111111100000000100000001010000001110000100010000100001000001000000000000111111111
000001001111111101111111000111111100000000000000000001111111000000001000111111010111110011000100100000001000000000010000000100000000001000000100000000011111001111111001100111101010000001010000010010000000101111111011111110111111110000111110001000000001110110101111010100111000111000000100000000011000100111000010000111111011000000010111111101111101101000001010000001011001000000001000110000101100000101110000011111000100101111111001111110100111111000111001001111011110111111110000010000001000101111110111111110101111111010111110011000000101111111000111110001000000100000001001
000001011111110100000001001111111100111110111000000001000001011111111010111111010000011101111111011000001011000000010000101110001001001000000101000000011000001011000001110111110000111111011000101111000100011000000111111110111111110111000001110000011000000000011111000100110001001000001010000000111000011110000011100111010010111110101001000011111101101000000100000000001000000011111100011000000100000010010111110110110110010000000010000000101111011101111111000000011111000001000111010011111101001000001010111111110111111011000011101000101111000010110000001110000001000000000001
111111000000001100111110100000000010000000100000000001111110100000000111111111110111101110111110111111111001000100101111101110111110100111111111000000110000000001000011100000010110000011011000010100111101010111110101000001001000000000111101001110110001000101001111111100111010100000001100111111101110011000110001100110101001111110101111111110111100010000001001000001010000110010000010111000011011111111001000010001000011111000000100111111100000110111000100111000000110111110000000011111000001111000000001000001011000000100000100100000010011000111010000011001000001001111110100
111111101111111000111110101111110101000000011111110110000000111000001100000000101111110010111110000000000110000101001000010101000000100000001001000000100111010000111111000000011011111011100111011111111100100111110100000000010111001110000010111111111000111011111000010111000011101000000010000000101111001101000001000111111001000111011111011100111011001111111010111111001111001000110111110000101110000011111000000110111101110111111110111110111111010101110101011110101110000001101000011011111001110000000100000000110000000110111101010111101001111111101111011100111110101000000010
000000100000001001000000110111110110111111010111110101111111110111111111000000111000001100111100101111101111000100100000000110000010010000000111000001001110111010111111110000010000000000110000010010000010010111111010000001010111100001000101000000010110111111010000010100000000110111111101111110111000011111000011011111101110111110110000100000000000111111111111000000101000000010000000010000000100111101001000001000111010011000000001111110110111100001111100010111111101000000100111111011000011101000000001000001100000000000111110000111110011111110101111101110000001011000000001
111110101000000111111111101000001011111111110000000100000000001000000010111111100111110000000010011000110010000011010000011000000100010000001001000000000000001001111111101111110111111100010111111110000010001000000101111111000000001101000000101111100101111011101000000101000011011111111000000001001000000010000001000000100101000011000111000100111101011000000110111111001000011000000000100000000001000000101000010010000111011111111011111111000000000100000001000111111101000010110000100100000011010000000101111110111000000111111110110111111011111111111111100110000001000000000010
000000011000000010111111001111111010111110100111110100000000111000000101000000101111101010000000100111110001001010010000011100111100010111111100111110111000100100111100010110100101000101010000101101000001111111111101000000111110111110111010111111010110000000100111111010111111010111111001000000101000001001000010001000001011111100011111010101111100001111111000000001010111100111000011010111111111111110100000011111000010111000000011111111100000000111000011001001000000000011110111111000000001011000000100000001000000000000111110110111101001111111111111111111000000100111111010
000001011000000101000001011111110100000001010111110101000000111111111111111110101111110110111001010111000110001000001000110100000100010000000011000000010110101101110111101000010111000001001111100001111111111000001100000000101111011011000010100000000100000010010111110111111011100111111011000001010111100011000100010000100101000010110111010011111010100111111110111110100111101000111101000000000011111111001000001010000001111111111001000001011111110000111000011111010111111110100000110011000110111000000111000001000000000000111101010111100100111111010000000000000000001000000111
000001011000000111000000000000001100111111001000000000111110100111111100111111110111111110111110100000001000110110101110110001111000111111111011000000111000000100111110101111100001000000100001010001000110001000001001000000011111111100000011100111101111111100011110110110101011110111110110111110111000011100000010000000000110000010001000010000111111011000000110000001100111110001000000111111111111000011100000001101111110001111111000111111111111011101111110010111011011000000001000011111000010111000000000000000000111111110000101110111111100111110100000001011111111110111110100
000000111000001011111110101000000010000001001000001010000001011111111011000000101000010101111101101111100110111110011000000001111100010000001001111111101111110010111010100111110001000000110111101110110111100000000101000000101111001000111110111000011101111110110000101000110100101000000101000000100111001010000001000000100111000001000000101110111011001111111111000001011111010111110110101000001001000001110111110111110110100111111110111111110111010110111010111111111000111101101111111011111101110111111010000001010000000111111111001111101101111111001000001011111110100000000001
000001010000000100111111100111110111111110111111111110000000001111111101000000111000101010111010001111001100111101000111101001111011011111111001000000010000100110000010010111101101111111001000010001111001001000001000000000110000001010000100110111101000000011011000100100111101111000001000111110111000100101111110010111100110000010101000101101111110000000001010000001011000011001111000010110010010000111001111001000110000010000000110111111001111010111110000001111011111000011100000010101111111110111111100000001011000001001000100001000011100000011111000100010000000000000000001
000000000000001000111111010111111001000001001111111110000000110000001100111111011111110010000010101000001101111111110000000111000001101000001010111111011111110011111110111111100100111101011111110000110101110111111111000000111110110010111010110111011110000000111111001111111011110000001001000000110111111100000100011001000000000010110000110101001011001111110110111110100111110100000001010000000111111110000111110101111111001000000101000000000000000011111111011111111001111100010111001100110101111000000111000001011000000011111110100000010111000000100000010110111111011111111111
000001100111110111000000100111111000000000001000001010000000011111110111000001001000000000111110010111000001111010000111001000111101001000000001111110100000001001000010110001100010000011111111111000111011111111111100000000000000100001111111010110111010000000011000010100111110011000001000111111000000000001111111001111111101000010100111110100111000110111110111111110110000011000000010000000001100000000000111101100111101001000000111111111000000001001000001010111111000000000001000100011111111100111111000000001010000001100000000001000100000000101101000101000111110110111111010
111110101111111101000000110111110101111110100111111111000000011111111100111111000111110101000000101000001111000001010111101111000011011000001001111110111111011010000110011000010011111101011000011111000011100111111010000001000111111000000110111111111111000000001111110010000000010000000100111111001111100011000000111000100000000100101111110011111011101111111001111110110111100001111111010111101000111101110000010010111110101000001100000000101111100110111010111111111111000001110000100010000110011000001010000000111111111011111101000111101000111110000000000000111111001000001001
000001100111111010111111110000000010000001011111111110111110100111111110111110101000100111000010000000011101111100000111000010111110000111111000000001011000100011000100100000001000000101011111111100000001001000001100000000011000100101000000010000011010000000100111110001000010011000000011000000000111011100111010100000001011000011101000011111000011101000001000000000011000010011000001111111011010111010000000101111000000101000001011000000010111111111000010111000000001000011010111111011000000100111111100000001100000000101111100110111100101000000010000000011000000000000001001
000000000111110110111111101000001100111111000000001001000000100111110101000000110111101001110011010111100001111110100000010110000001010000000111000001001000000010110100011111110000000001011111110111000000111000000000111110101110111011101110010000101000000011010000001110111010110000001100111110110111011010110111101000001110000010000111111000111010111111111101111111011000011100111111011000000010001000000110111111110010110000000101000000000111100111000010111000101101111010111110000100111101001111111101000001011000001001111011101111010110111101001111111010111110101111111001
000000110111111100111110101000000000111111100000000100111111011111111100000001001000011101111111110000011010000100110000111110000101110111110100000000100111111110000000001000010100000000000000100100001010001000000101111111001000100101111111101000010110111111101110101101100101100111111011000000011000000010111110001111101010111110010000011101111110010111110101111110111000000110000000001111101001111110101000110001000100001000001011111111011000000101000001110000001111000100111000001101111011110000000001000001011000000110111101111000000101111001101111110100111111111000001100
111111111111111000111110110000001010111111111000000001000001010000001100111111111000001110111100110111000000111100110000000000111101011111111110000000111111001111111101111111100101001000000000100001111111100000001000111111100111110010111111011000010110111100011000011001000110110000001000111110110000010100000010000111100011111111001111100110111110010111111111000000011000001110000111001111000101000100001110110101000000111000001001000000000111101100000011000000100000111011010111010000000110011000001010000000110111111100111110101000000000000010011111110001111110110000001000
111110100000001100111111011000000111000001000000000000000000100111110110111111100111111011000110101000001100000000100111011010111001011111111111111110110000001010111110100000000101000000001111010101111100110000000101111111000111101110111111001000010011111110000000001011000100001000000101000000100111101101000000001000010110000110110000010010000001110111110110111110101000011010000011000111111100000100110000100000000100111111111011000001100111001101110111001110000001101100111110001110111011101111110100111111110111111101111011011111111011111101011111101101000001001000001011
000000000000001100000000111000000000111111010000001100000000101000000010000001011111110111000000111111111101000100111111101111111010010000000101111111110000101000111110110110101111001000011111111011101100100000001100000001100111101100111101111111100101001010011110101101111111000111111110111111000000001000000000111000010001111111000111101111000000001000001010000000111111101010000001010111110111000001101000000111000011100111111000111110101111111111000001001000000000000001001000010100000001111111111110000000101000000110000000011111111000111111001111110001111111000111110100
000000100000000101000000111000000000111111001000001001000001100111111101111111000000010001000110101111111101000001100000011111000011000111111111000000110001000110000001100111110000111101010111110100110100010111110100000001011000010010111100100000000111000101100111100110110100100000000000000001001111111010111100110111111011111110101001010100000101100000001010111111100000100111000010011000011011000001010111110000111110110000000111111111100000000011111111010111110000111111110111010001111001011111111011111111110111111101000011111000011110000111101000100001111110111000001011
111111100111111011111111010000001010111110100000001010111111111111111110111110110111110000000011011000000000000001011000100110111101101111111110111110111111111110111110110000100011000001001000100000111110010000000010111111110111001000111101010111011011111010011111101100000001110000000111111111101111101001111011010111110111111010010110111010000010100000001100000001000111101000000011000000101011111100101000101010000100101111111001000001100000011100000100000111101101111110110000001100111110010000000111000000000000001011000011111000000011000100101111111100111111000111110100
111111100111111011000000110000001011111110101111111001111111010000001010000000001111100100000101010000000101111011001000011010111110101000000101111110100000101010111110001111110111000001000111111011111001000000000100111110110000001101111000111111101000000011110110111111111011011111111111111111010111011100111100111000011010111100000110111000000000010000001001111111111111011100111101011000000110000011101000100011000101011111111000000001011111100010000010101000000111000000100111111010000110000000001011000000000000000010111110100111111011000000010000010010111110100000001001
111111111000001011000000001111110100111111100000000000111111010111111011000000011111111111000101111000011100000011011000001100111111101000000010111110100000000101000001000000000110111111011111111011111110010111111010111110100111111111111111001000001001111111011111111011111110101000000110111111010111100001111101011000010110000001000111110110111101111111110101000000101000010010000000001000001111000010100000110010000010111111110111111110101000000010000000111000000001000011100000011011111111101111111100000000000111111010111100111111011011111101001111110001000001011000001011
111110100000001011000000000111110110111111111111111100000000000111111000111111100111110010001001011000011100000001101111110110111011010111111001000000010000001011111010110111101000000001111000001000111101000111110101111111010000001000111110100000000001000100111111110111000001100111111001000000110000010011000010100000010001111100000000010100000001000000000111000000111000011011111111001000001001001001011000000101111111001111111000000000001111110111000011011111110011110100110111000001111010001000000011000001011111111101111110001111101010111111100111101111000001001000000111
000000011111111000111111101111110110000000110000000010111110100000000101111111101000010011110010010101100011110111101111100100000000111111111001000001100000011101000110001000000101111111100000001001000010000111110101000001100111101011000100000000000000111110001111110010110111100111110110000000001111100001111110000111101101000101110000100111000000111111110110111111111000001100111010111111111000000010100000001111000000101111111100111110101111100111111110111000000110111100011111110011000000001000000110000000101111110101000011001000010111000001111000001101111111011111110111
000000111111110111111111010111111011000000001000001011111111110000000101000000001000001000000011001111110010111011110111111101111011101000000000000001001001010111001011101000111111000001101111111011000010110000000011000001000101001100100011001110101110000000111111111011111111011111111101000000010000010100000011000000110100000000000000011000000100010111110101111111011000001100000001011111111111111110101111011101000000000000001001000000100000000111111111011111111111111111000111110110111001111000000100111111001111111001000001101000010111001010000111110101111111001111111111
111110101000001001111111100000001100111111001111110101000000110111111110111111011000010000110111100000010101001000000000100111111100101111111010000000110000000110111010110000101111111110110110011010110000100000001001000001001111111010000000101000000010111100111000000010111111111111111000000000000111101001000010001111100001000001010000001110111101111000001011000000100111110101111011011000000001000100000111100111111110011000001001000000101111110011111010011111100000111110010111010000111100010111111011111111011111111101000001110000011000000111001000011001111111101111110111
000001011000000011000000111000001001000000100000000001111111100000000101000001010111011110111011001111100000111101010000001111111100000000001011111111010000000000000011001000000111000001110111111110111111101000001011111111000111111110111111010111110001000000000111110110000011000111110111111110101111100011000101000001011101000011100000000001111101000000000010000001011101110001100110000110011010111110010111111111111111011000000001111111001001101110000111101000101100111110110111101100000110010000000111111111111000000100111101110111101100111111011000000010000000001111111100
000000110000000101000000111111111010111110110111111100000001100000000001000000101000010100000000100000001010000001000111110110111011101111111100000001010111010101000001000000001001111110010111111101111111011000000010111111010110101010000010011000011000000011100000101010111111111111111001111111010111001100111001001000110000000010101111001100111001011000000110111111100000100101111110110110111110111110010111110101111001000000000010111111111111101100000101110000010110000001001000001001111110011111111100111111101111110100111011100111011000111110110111011001000001000000000111
000000010111111111000000100000000111000001001000000011000001001111111100000001010111101000111110011000011101111111000111110110111011011000001010111111010000011111000000100111111010111101001111111001000000000111111010000000100000101100000011110111000001110101111000000110000110111111111001111111000000100011001001111111100011111100110000111010000011010111111011000000101000110100000111010111110010000100000000101100000001110000000111111111000000100111000100100111110100111011001000000001000001100000000001000000101111111110111101000111101001000000000000001111000000101000000101
111111001111111011111111100000000010000000101000000111111110110000000111111111111000001110000011010111111101111110010111111101000010111000000001000000011111111001000001000111001010111100100111101001111111010111111000111111110111001011111110011111010000000010010111101000111111011111111011000001011000010101000011111000010011000100010000110111000101011000000110111111010111100011111111010000000101111111001111011111110100010111111000111111001111010011111101110111101110111010100111010001111001101111111000000001001111111011000001100111111110111101110000000111111111011111110110
000000110000000001111111100111110101111110101000000101111110101000000111000000010111111100111111011111111110000001100111111101000000001000000000111111101000010000000001010111101010000001011111010111000101000000000000111110100111100101000010001111101001111100000111111011000000010111111100000000101111100101111111011000000110111111000111101110111111010111110101000000110111100100111011110111111011111111011111111010111110010000001010000001011000010001111101100000000000111100100111100101001001101111110111111111001000000101000000110000000001000000011000000111111111111111110100
111110101111110101111111100111110101111110111000000011111111011000001010000001000111011101000010101110111100111111101111011100111100011000001001111111001111110011000010010000000010000100101000000000111110011111111100000000010111101111000001100111011101111111000000010010111001110000000000111111111111110011110101110111111000000010110111100100000001010111111111000000011110000100111010011001011100111011110111101000000010001111111111000001100110010111000001001001000110111110011111001011111111011000000001111111101000000100000101100000101001001001111000000000000001011000001000
111110100111111101000000001111111011111111100000000010000001010000000111111111100111110100111001100110100110111001101111011001111010100000001100000001000111011011111000100111110110000000000000001011111110001111111110000000110111011010000001111000011000000001001000000010111001010111111101000001100000111100000101101001001010000100001000011000000110100111111111111111011111011101110101010110101010111100010111001001111100101000000101000001000111011001111010111111101111111111011111111011000000001000001000111110111111110111111110110111110010000000010000001010111110110111111011
111110101000001000000000101111111111000000100000000010000000101111111101000000010111110101110111101111011000000001010000001101000011111000001000111111110000001011111011011111100001111110000111111011000001100000000000111111100000110110000111010001000100111101010000101110000101110111110100000000110000000111111110001110110100111101111111110001111100000111111111000001000000000111110111111110111001000100011000100000111101111111111111000001011111100010000011001000001000000001100000100001111011011111111011111111110111111000000101100001001110000100010000010101000001010000001011
000000001000001011111111110000000010000001000111110100111111011000001011111111001000001000111111000111010101111011001111110001000011000000000110000001010111110010000011111001100110001001101000000100110110010111111110000001001000010111000001101111011000111011111000001011111101110000000111111111010111110010000000001111110111111010000111110010000000100111111100111111100000001000111100110000000111111111111000010001000000110000001001111110101000100000001001000000001011000000101111111001000101010111110111111111001000000100000000100000101100000110001000111000111110100000000100
111111100111111110111111111000000011111111110000000010000000010000000001000000001000010101111010011111010001111101101111101010111101001000000101111111100111111001111101010000011011000011110000010101111101110111111011111111011000100010000001010000001101111111101000100010111111010000000101000000001000101010111111111111100110111111100000000101111111010000001001000000110000000100111110010111110010111111000111001011111001100000001011111110110000001111000010001000010010111101011111010101111101110111110111000000011111111101000001010000010100000100000000010101000000000111111111
111111100000001000000001001111110101000001100111111110000001100000000011000000010111110110000101001001001001111110011110101110110110100111111001000001000111110011111011010000001011001000101000000001110111101111111001000001000111011100000000011111110000111101000000011100111010111000001011000000010000000010000000000000000100111010111111101101111101110111111111111111100111100000000000010111111100000000111000001100000101110111111100000000011000001001000001000000101111000101000000010111000010011111110101000001001111111111111100001111011101000000011000000010000000001111111001
111111011111111010111111011000000111111110111111111101000000001111111011000000111000000100111111111000001010111111111111111100111111100000001010000001010000000100111111001111111000111111000111111010111111011111111010111111111000000110111111110000000000111110110111110101000000100000001000000001100000001000111111010111110110000000001111110100000000011111110111111111000000000110111111100111111000111110110111111001000000001111110101111111001111111100111110110111111101000000010111111100111111101000000001000001011000001000000000111000000101000001100111110100000000101111110101
000001001000000101111111001000000100000000011000000101000001010000000110111111110000000011000001000000001100000010110111110101111001101111111011111110101000000101111111000111010111110101011111010011111110011111110111000001100111111110000001011000100001000110101001100000000110111000000101000001011111011011000010111111110100111010000111100110000101101000001001000000111111110000111101010111111110111110111000000010111101100111111010111110100111001010111101010111110000000001100111111100111000110111110111111111011000000111000100100001000101000011011000001001000000101111111111
111111011000000000000000101111111011000000001000000000111111100000000110111111100000000111000001010000001000111110001000011011111011111111111000000001001111111001000000101000010110000001000111111010111101010111111101111111100000100010000001000111111111000001101111111001111011000000001011000001100111110000111100010000001001111110100111010101110111101000000101111111010111001101110101010000111100000011110000001110000001000000001000111111000111000011110110101111011001000000110000010011000010110111110111111110101000000000111110100000000000000011000000010101000000001111111110
111111001000000110000001001000000010111111101000001000000001001111110100111111010111110000111111000000010010000010001000000111000001101111111001111111100000001110000101000111011010111111111111110111000000100111111101111111000000001001000011010111001001111001011111110111111011000000000010000000111000011000000010110000010010111111111000001101111101111111110101111111100111101011111010100111110111111101001000010111000000100000000011000000100000000001111110110111101011111111000111111010000011110000001100000001001000000001000000010000001010000001000111110101000000000111110101
000001011000000011111111111000000101000001011111111000111111110000000000000000010111110111000001000111110010111111001000000001111111010000000010111111111000001000111110010111110100111110111000000101111110100111111101000001000111110110111110111111110111000000101111111110111111010000000011111110110000000101000000100111110110111110001000000110000000101111110101111111011111111101000000110111111010111110000111110001000001011000000000000000011000000001000000110000000101111111100111111001111111001000001001000000111111111001111111111111111010111110111000000111000001010000000100
111110111000001100000001000000001001000000101000001100111111100000000010000000111000000110111011011000011110001001000000100010111010110000000000111110100111100010111101110111001100111101001001011000111010011111111111000001010111111001111101000111101011111110101000011111111101100000000101000000011000011011000001011000001100000000101111110100111011101000000111000001100000010100000000110111110101111110111000001011000010000000001010111111010111110101111110111111110000111000011000001101000000110000001010111111001111111101111111100111110101111110100111110000000000001000001001
000001001111111001111111100000000100000000111111110100111111011111111100111111010000010101000001111000110000111111011000100010000001010111111101000001011000011010111110001000010001111010011000011001000001000000000100000001000111110101001000111111001111111011100000100011001001001000000100000001011000010100000110011110100010111010100111110001001001000000001001111111111000011110000001001111011011000001101000101000000000110111111010000000111111101110111100001000000000000000101000000110111111001000000111000000111111110110000110001000110001000010000000000001111110110000000101
000000010111110111000000001111111111000001000111111010111111101111110101111111110000000000111100110111110010000011101000000110000010111111111011000001010111010000111111011000001011111101001000001111000011110111111010111111010111011100000100000000001110111101010000001000000100010111110110000000111000001011111111110000110011111100011111110100000010001111111101000001100000011000000011101111011100000001001111110110000100101111110111111111100111110011000000000000101010111110111000001001000101000111111001111111010111111100111101011111101111111110011111111010000001010000001011
000001010000000101000000001111111001000000001111111110000001000000001100000001100111101110111110110000000000000101101000101011000110010111110110111111010111010000000010010000111001000111011000001011111110111111110111000000101000011000000011010111101101110011110110110110110110110111110110000001000111101011111111011111010111111110011111111110000001101111110101000001001000101011111110110111100101000000000000001110000010011000000011000000001111011110111101011000100111000011001000010101000010111111110110000000001111111110000100011000011100000111100000011011111110111000000111
111111101000001010000000100000000011000000100000001100111111100000001100000000011000100111111010011110111000111011101110111100111101001111110111000000110111101101111101100000000011000010110111110101111101110111111001000000001111101101000011001000001101000010101000100101110111011000001100111111111111101111000001110000010001000111010000000110111011000000000111000001100110110110110000100111101000111011110110111010110100101111111110000000010111001000111101100111111000110111000000010101111110001111111001000001010111111100111101100111111110000100001000001101111111110000001100
111110111111110100000000111111110101111111101000001010000001100111111000111111100000011101000100000000111111000000110110001010111000010111111101111110110000101000111100111111111010001000000111001101110111011000000100111111000111101110111100110111110110000101111111110110110111100111110110111111100000001110111111100111011111000100001111001111000011011000000000111111010111101111111101111000000110111111001111101101111111011000001000111110101000010000111111001000101110111110010000000000000010010111110111000001010000000010000010011000010000000001101000001001111110101000001000
000001000000001000111111000000000110000001000111110100111111110000000000111110110111111011110100010111110001111101101000010100000010011111111000000000001111001011101111101000100101111010110000000010000001010000000011000000110110110111110110011001000010111010111111111101111000101000000001000000111111100111000100010000101111000000000000100100000110000000000100000001011000100000000000110000001000111111010111111111111101000000001100000001000000010110111111011111111100111110000000010100111101111000000001111111110000000011111111010111101100111011001111111101111111101000001000
111111001111111101000000101000000111111111010000000111000001000111110100111111010000001010111100011000101010111101010111110010001000010000001001000000001111101101000001001000011101111000010000000111001010100111111010111111110111001001000000011000001110111101101000010010000011101111111001111111001111001011111110010000001100000010011111011100111001100111111000000000001110110010111101000000111000111010100111111010111100000000000001000000111111101101111111101000101100111110100111100001111110011000001011000001010000000000000100011000110000000000101000001111000000101111111110
000001001111111110000000000000001000000001001111110101111111000000000000111111101000010011000000010000011011111111111000101000000001101000000101111111011000001110111000111111100101111111100000000001000010010000000011111111101000010000111100001111111000000010111111001111101110100111110101111111100000101010111010100111101000111100001000100100111001001111111100000001001000100110000011000000101000000111100000001010111010111111111010111110111111111000111111101000001001111100011110110001111100010000001010000001001000001000111011001000010101000000010111101011111111010111110110
000001011000000111111110101000000101111111110000000101000001001111111000000000010111110101000001000000011000000100011111111111000100010111110101000000011111101000000010111111111111111111101111100100000010100000000011000000001111111010000011001111011010111100011000011000000011010111111011000000001111101100000010010000101010000110011111100001111111011111111011111111011111110010000010111111101010111110111000000001000010100000001100111111000111110010111110011111110111000000001000011010000110010000000001111110101000000011111101110111100110111111100111110101111111000111111011
000000000000001011111111100111111011111110101000000010111110111000001010111111011000010010111010001111110111000001111000001011111011100111111010000000010000001111111100000111111101000000100000010001000011011111111110111111101000010110111101001111110011000011110000011001000001111111110101000000101000100100111110011111100000111100110111111101111011111111111100000000111000010100000011010111111111000100000110111000111001011000000000111111100000000100111111000000011000111010001110111101111010001000001010000000101000000000000100111000010100000110011000001001111111010000000011
000001011111110101000000111000001011111110100111110100000000110000000111111110101111110000111011001110111010110111111111100001111100100111111000000001100111100111111110010000010011000001111111110101000001111000001010000000000000101100001000011000010000000000011000001010000101001000001000000000001111111010111110111000101110000100001111100101111010111000001010111110101111010001111100011111100111111100001111110001000100100111111111000000100000001101000010010111110010111111101000011000001000000111111110000000101000001000111011010111100000111101100000000001111110101111110100
111110100000001001111111011000000101000001011111110100111110101111110100111111001111111011000000000000000011111101011111110100000001010000000110111110101110011001000000110000001001111011110111101010111100000000001000111111111111011001000010000000000100000101011111110111111011010000000011111111011111101110111111001111111111000000110111101101000000110000001001111111011111011110111111000111111011111011100111110110000111100000001100000000100000001011000000111111010010110111101111001101000100011111111010111111101111111001111101110111101101111101001111110000111111110111111000
000000001111111000000000100000000011111110100000001011111110110000000100000000101000100010000100010000110101111101110111001101111011111111111110000001001000010101111110010111100110000100101000011011000001011000000110111111010111011111111101010000000110000010011000001001111110111111111010111111110000011000111111011111011010111001010000101100000010100000001011000001001000100111000001001111111101000011110000010001000000010111110110000001100000010000000110000000101001111111100111110010111011011111110110000001010111111010111100001111110111111100101111110110000000011111111101
111111011000001011000000101000000000000001001000000000111111101000001011000000011000000010001011111000110000000010111000000110111100011000000111000000011111101111111000100111011011000010001000010100111110111111110111000000111111100101111101100111110100111111010000001100000011001111110110000000101000000000000001111000011100111110101000011100111110100000000110000001000000010010111111000000000101000101110111111001111011100111111111111110111111111111000011010111111001111011111111001011111111101111111011000001100000001010111100100111110111000000000000000000111111010000000100
111111101111110100111111100111111100111111011000001011111111111000000100000001010000011110000001111000010111000000111000111111000100101000000001111111001111110101111011100000101011111001100111101000000101011000000100111110101110110100111001111000101000111111111111111000000000010111111101111111100111000111000011001000010101111101110000010101000100000000000010111110110000011100000100010000001010111111110000000100111001001000000111111111000111011001111110101000011001000011010111010011111000110111110100111110110111111101111110111111110011111011100111110000000001001000001000
111111011000001001000000111111111000000001100111111000111110100111110100111110111111110011000011110000001101000010100000010100000000111111110111111110101000000101111101010111110100111111010000001011111111100000000100111111001000011011000000011111001101111110001000100010000010000000000000111111101000010110000010111001001111000100111111011101111110110111111010000000001000010100000010001111101011000001111000000011111111101111110100111110111111101010111110100111111011111110001000101000000001011111111001000000011111111001111110101111110100000010110000000100000000111000001010
000000001000000000000001100000000101000001010111111101000001000000000110000001000111101111111110100000000110000011111000101010000100010000000111000000101000011010111111111111011110111000000001010001000101111000000011000000101000000100111110110000001000110010001001100001111100001000000010000000100000000101000000111111101000111110011000001111111100010111110100111111001000100100000001111111111110000001101000000101000000001000000100000001100000101101000100010111110000000000110000011000000101110000000010111111110000000010111110011111011000000000110111101011000000011000000101
000000001111111111111110111111111000111110100000001011000001011000001011111111010000000110000000001111111100111111100111110111111110110111110110000000000000000000000000001111110011111111010111110011111111111111111101000000111000000001111111100111111000111111000111111010111111100000001000000001001111111001111110100000000000000000111000000010000000111000000101000000101111111001111111000000000001111111111111111010111111010000001010111111011111110101000001000000000101111111110111111101000001001000000111000001000000000001000001000111111000000001100111110100000000111000000101
000000110000000100000000000111111010111110100111110100111111100111110100111110110111111010111000000111001100000001110000111001000011110000000010000001001110101110111010000111111110000111000000100001000011010000000101111111101110100001000001010000100000111010110111000001111110000000000100000001000111000101111100001000001111111100111000100110110101011111111010000000000111110111000011011111101110000001100000001101110111110111110111111111001111110111111111011000101001000010100111111011111110101111111011000001100111110111111110001111110011000001110111101111000001001000000100