07
01
-10
-05
-08
04
12
-02
11
00
33
17
01
25
49
05
-02
-19
41
60
61
19
-34
-11
08
-32
-24
-63
-47
-07
-20
01
-03
21
-08
-35
-52
26
03
-08
-02
43
14
17
23
19
-01
05
01
25
08
04
11
05
29
-02
07
08
37
31
48
21
09
11
10
-01
-05
-10
01
-12
12
01
-11
-34
-22
-35
-23
07
-16
05
06
19
26
07
20
-06
19
-03
-03
-42
04
09
07
05
03
03
03
-38
45
84
19
09
-04
-02
05
-148
-197
-110
-12
-19
-16
03
-04
90
46
29
-18
-41
61
-07
08
-12
-22
-26
-19
-12
-06
-12
-09
05
07
-04
03
01
01
11
00
-16
-10
12
15
76
48
-01
05
-33
-26
27
-22
-35
36
11
-05
-02
13
20
-34
-11
08
-12
01
-24
-05
14
26
-46
-29
07
11
-07
01
04
15
14
15
-01
03
-23
-21
-41
21
29
-19
-08
07
01
-14
01
-22
-25
02
00
05
-12
-10
-08
-08
01
-02
-05
-05
-09
27
-25
-26
12
-37
-12
07
94
32
05
08
-04
-11
02
09
08
-35
-43
01
-23
-19
12
08
-59
-97
23
-13
00
46
-11
01
-62
-60
93
39
11
-15
-11
-02
-18
-26
-02
44
-11
-01
12
00
02
32
51
84
53
03
-10
-07
-09
11
06
09
11
02
-02
06
15
-07
27
21
-09
-82
04
09
-51
-50
-36
04
74
-02
-09
08
-91
-78
-54
17
07
-29
04
01
73
22
-19
17
06
01
-09
11
62
12
-19
-17
-04
-07
-02
07
45
23
-40
-04
02
44
-08
11
-10
-33
-02
-16
-23
00
-09
08
12
07
-02
-05
01
-03
02
06
-17
-10
-37
-03
14
-09
04
-12
05
01
05
07
-07
19
-02
-04
-07
-15
-09
-26
-15
37
11
03
-21
37
-06
-09
43
64
-07
-03
-02
36
35
22
-05
01
06
04
-08
03
-06
-19
-44
-31
01
07
11
-03
08
03
09
-10
-09
03
-11
-02
-06
-03
-06
-06
-04
-12
38
-89
-90
-86
-81
-44
07
08
-44
-06
04
56
52
20
-12
01
30
70
-08
-19
-23
-97
11
08
09
27
08
-04
29
11
00
00
-34
-51
-26
05
-39
-33
03
01
-42
-23
-26
-14
24
29
-04
-10
-12
36
24
41
30
03
-04
-04
-11
06
07
06
-12
09
12
-08
03
-60
-17
-33
-42
-15
04
-05
-41
-53
-18
-26
41
51
-08
11
-45
13
23
-32
-34
-155
09
10
35
43
12
48
11
41
10
10
19
11
-09
-09
10
05
11
02
30
-04
-26
-38
00
00
07
12
08
40
29
-11
04
-05
12
-04
05
-01
-10
06
-01
-06
-06
07
01
33
21
28
18
39
02
11
-25
17
24
-26
-47
-16
12
-01
-81
-53
-53
-13
-01
19
08
-10
-23
-46
23
25
12
04
12
-04
47
60
39
03
00
33
04
08
22
18
-20
-59
-43
02
10
-05
02
23
09
11
16
-02
07
-04
09
-02
-06
-03
-01
07
12
04
15
09
17
14
03
22
-08
12
-24
-07
27
57
19
-36
03
-09
06
31
04
-48
02
-10
11
-10
-11
-04
05
-65
10
-04
02
10
14
-05
-15
-18
19
10
-09
11
42
32
53
43
09
02
-06
-06
06
-32
-13
03
-06
-09
05
-05
02
-09
-10
02
03
-04
03
-10
-17
05
12
71
04
-25
04
09
38
08
-43
47
39
23
05
10
-76
-41
-90
29
-01
01
12
03
29
-04
-18
02
-19
-30
-02
01
-01
27
04
05
03
28
-11
-09
06
19
38
07
06
-09
-01
-06
10
32
42
31
06
-08
00
07
-02
01
12
12
-09
-10
-07
02
10
-69
-98
08
32
08
03
10
-52
-57
-33
34
-21
23
04
-03
-71
-39
12
16
10
03
-10
-05
-57
-14
28
-39
-20
-89
03
-05
03
53
04
36
-18
-66
01
-09
-62
-03
40
27
-86
-51
06
08
-10
-20
-20
-28
05
12
-09
-02
11
00
12
08
12
-08
10
09
36
16
-25
34
-16
-44
-04
00
104
31
09
-01
33
-11
06
00
-81
-46
06
-11
-13
17
-02
-06
-06
13
20
-08
58
32
-06
-11
14
-03
03
14
-26
-20
-08
-09
28
14
-40
-32
-81
-71
03
-06
00
33
33
27
10
-04
-10
-12
07
07
01
07
11
-10
-12
08
24
07
02
31
25
20
11
-01
31
14
-17
-45
03
53
-04
-04
-39
-30
31
12
-16
-50
-03
-12
-15
44
13
22
27
49
-10
09
14
08
-08
-12
01
-13
-08
-08
-58
-24
20
11
-20
-37
04
-01
-03
04
11
-44
-04
-02
-12
00
03
-02
-09
-02
-08
02
-02
06
17
-16
-29
-30
04
11
-12
09
09
47
04
18
14
16
-06
-03
59
47
57
05
04
08
-08
01
-28
-67
-22
23
06
-31
-02
00
-05
-34
-13
-30
22
-14
07
07
34
25
-08
00
14
32
-01
-11
01
08
10
42
26
02
-08
-01
02
12
05
-05
08
08
-12
07
28
-17
-59
-70
14
11
06
-03
17
18
-11
-26
47
-38
-11
-04
-02
27
-16
06
-05
-48
08
07
18
-15
-06
42
-01
21
12
-11
-51
-94
33
-06
-88
-41
05
-03
-57
-80
37
06
-57
00
-10
02
12
40
18
14
08
-09
-08
03
00
-10
01
-09
-02
03
02
-02
-24
50
26
05
-21
-56
-06
-12
15
-08
23
48
26
-03
00
-06
-12
-36
-83
-35
54
-04
-03
08
07
12
38
02
07
-51
-04
06
10
10
15
15
-53
-36
-04
04
-10
-13
09
03
41
-23
03
-07
-11
-20
-14
06
26
02
01
06
06
-03
03
-05
01
06
-04
08
11
-29
-98
-75
-46
02
05
00
31
64
40
16
26
05
11
-03
19
05
-35
-08
32
19
-02
-08
05
-11
49
40
14
-58
-07
-11
40
-65
-33
-20
-10
-21
12
12
25
20
06
01
37
16
01
-05
03
-22
-08
03
03
09
-12
-06
09
01
-12
09
11
05
01
06
-06
-05
-01
01
03
08
-10
05
55
-13
-07
-15
55
60
02
-06
44
24
17
-81
99
05
04
-12
09
08
-28
44
71
-03
-02
08
18
-13
02
-27
-47
-71
07
06
50
12
-13
-04
05
-22
-08
-10
-05
43
08
43
15
-09
08
02
-12
-01
08
06
08
03
-09
-07
-03
16
16
-42
-14
09
-12
03
15
19
-17
-21
-09
-46
10
-11
00
23
-02
09
25
07
03
-11
08
03
03
50
81
37
03
-05
-15
-44
-48
15
-39
-67
09
04
-06
-66
-10
-32
-25
-43
12
-04
04
34
36
26
17
01
09
06
04
-09
00
02
12
09
-12
03
36
10
08
-16
26
15
03
11
23
06
-43
-40
-17
34
02
12
-13
30
36
33
-18
13
02
04
16
36
-56
-21
48
-07
-04
-12
-07
25
56
38
-29
-77
09
-11
03
-13
-02
-09
-53
-52
-08
02
-05
35
51
34
00
12
03
00
-07
-02
11
-11
-05
00
07
-01
13
-51
-123
-53
06
-06
02
-10
07
-23
-11
37
18
00
11
11
-23
-12
09
25
-02
-80
-03
02
-57
-07
13
20
-58
-13
-03
06
-64
-75
08
-14
-82
-51
-06
-03
-04
16
20
-19
-72
-09
11
00
01
25
-02
29
16
11
-11
-11
-08
04
00
04
10
-05
03
00
24
35
50
14
21
48
08
11
26
72
17
06
-13
-06
12
-06
24
16
47
04
-40
-99
-01
-03
-80
-57
-53
06
44
41
-01
01
09
-22
-04
02
-06
16
-01
11
36
62
38
-01
-18
-21
-01
-04
12
26
41
31
06
-08
00
11
10
06
11
10
08
09
04
09
35
-12
19
13
-19
-31
01
-10
15
-26
-03
44
72
54
-12
-11
26
19
13
-20
-09
41
-06
-02
52
-27
-47
-18
-01
-29
06
03
30
46
-15
41
-76
-45
-05
-07
08
12
23
-51
-70
-36
-05
06
10
30
46
28
06
-11
00
10
04
01
11
-03
-06
06
-10
02
-28
30
19
17
26
-04
09
-03
12
15
22
-22
-29
-37
08
01
36
13
44
-26
25
45
-06
-08
-19
-79
11
-24
-12
15
05
-12
10
-12
82
53
-23
32
02
06
-15
-67
-56
-38
-17
-23
-02
-10
03
-13
-08
-30
-25
-10
10
-09
-05
05
03
-09
-12
10
09
03
-01
-29
09
12
20
65
00
-04
-27
05
38
11
-15
-37
08
00
-01
-06
-24
-19
-32
-16
-09
01
-59
-07
35
03
-16
-31
-09
06
-108
-135
-112
-23
21
06
08
07
79
64
92
20
-06
09
-05
00
-03
-29
-02
-39
-15
03
01
08
-08
12
09
-03
02
08
-10
08
29
-23
-44
-94
-72
-24
02
-01
-52
-28
07
50
-30
06
07
00
44
38
14
-20
38
33
-03
-12
12
-11
13
12
-35
-76
02
10
-10
00
-16
-09
07
-02
-12
-05
01
-25
-54
07
21
37
-05
10
12
-25
-18
33
07
03
00
04
02
-05
-05
01
-04
00
-12
07
25
14
14
-19
-49
04
-05
04
69
-04
-28
09
19
-36
02
10
-05
-19
-06
27
08
-46
05
-08
34
09
-08
55
32
-43
-03
-12
07
-18
-27
19
-01
-53
-08
08
38
01
04
-12
03
-49
08
05
09
30
18
15
25
09
08
09
-01
03
04
03
12
06
07
-12
-27
-13
-30
-11
30
14
-07
07
-70
04
17
25
-16
-12
-09
04
-44
27
14
-19
22
-03
04
02
-17
55
33
17
31
05
-03
09
-21
-01
14
00
03
-53
-02
-01
-01
-11
-13
-05
14
20
-09
-09
06
-33
-45
-08
-11
02
-01
09
08
05
-07
07
12
03
00
08
10
20
28
03
22
15
-03
-05
-21
-15
-03
11
19
04
-10
-10
-52
-25
23
17
-48
-77
05
01
21
-15
-11
-40
63
-39
12
02
82
36
-67
38
-04
-36
08
-03
41
85
60
-38
-21
-52
04
03
02
-20
-30
-24
-04
09
06
-06
02
04
09
03
-05
05
07
02
09
36
-12
-17
16
33
-12
-08
39
14
-30
-23
41
-01
02
-08
-32
01
04
34
-12
-59
-04
-04
07
10
12
-23
74
-06
04
-10
-23
-31
-07
11
57
-41
07
08
-06
-13
-01
17
27
-46
00
-06
-05
-18
-25
-20
-12
-05
12
05
-11
05
-06
-03
02
09
-05
-11
16
32
19
14
02
-15
07
-07
44
03
-21
18
15
-05
06
-08
43
-21
-50
22
-05
-12
02
-12
-48
-71
-20
-17
-27
-24
00
00
21
00
39
28
-18
-24
03
11
08
08
24
16
-04
-15
00
-11
09
32
21
14
11
11
12
05
03
11
11
11
-01
-10
-05
-05
16
-47
-01
-03
-07
13
03
07
10
-13
18
14
06
44
-10
04
-34
-32
22
-04
02
-01
-02
-05
-04
-29
-20
41
-56
-74
-06
-03
-21
-01
-01
39
-71
-13
-07
00
-01
-43
16
-24
-102
-46
-07
-10
-06
39
36
38
08
12
00
11
09
12
-03
-08
-06
03
00
-05
25
-58
-53
-29
-86
-57
04
-02
-21
-24
13
23
23
12
10
07
-14
38
-01
22
18
19
-06
10
-13
10
03
35
-59
-74
01
02
-29
-99
-39
09
-60
-75
06
-10
-03
-10
03
15
-30
-40
01
04
-04
03
-03
27
08
01
08
00
00
-08
12
-02
05
08
-08
-03
-35
-42
-28
12
31
19
-11
02
-70
-11
31
16
-24
15
-03
10
-31
47
-10
-20
09
25
10
-05
06
35
24
-17
-04
02
-01
-05
-16
35
01
-01
05
-33
-03
-03
-30
-23
08
03
07
46
12
-10
-10
-28
-43
-22
-03
11
-03
01
00
11
04
-01
05
05
11
10
04
26
-17
-19
08
03
-09
-03
39
33
59
-05
00
-14
-08
-10
-131
-142
-51
18
-21
-09
05
05
-25
39
75
17
23
73
05
00
22
24
-11
-22
-34
00
10
-09
-04
-05
14
-23
-54
-90
11
06
-12
01
-06
22
-10
-01
-12
08
-08
07
-04
12
03
-10
-08
-12
20
66
44
57
34
-05
-11
07
07
08
-60
25
01
-08
-04
08
-56
-60
-12
56
-31
-104
-11
-08
14
-25
-49
-39
06
-03
-01
-09
15
-03
18
-06
38
59
10
06
12
23
22
22
11
14
03
-05
09
-08
-07
-25
-29
-08
07
08
-08
03
-05
-01
-05
00
-04
-07
-19
-07
30
-08
11
07
00
-02
53
-07
-02
-65
37
42
10
08
67
33
-20
-113
17
58
-03
-10
28
75
-79
-19
43
55
11
10
36
68
05
14
23
-06
12
04
26
30
-06
-07
01
-42
07
12
-09
-18
-13
-56
-42
06
-08
04
04
-08
-02
04
-12
00
00
-05
-02
-15
-20
-18
07
-18
08
03
44
89
60
-01
17
-21
-03
-08
-139
-151
-67
15
-11
-31
03
-10
00
08
32
05
-14
-05
-05
00
-24
12
-02
-04
-02
08
-12
-12
-45
32
00
-03
21
07
02
04
09
30
10
40
14
11
03
-08
-04
-12
02
-02
-04
06
05
-04
10
-13
09
00
33
25
03
04
18
11
-07
23
20
50
07
09
-01
04
24
-131
-163
-99
11
-10
-09
05
-06
19
09
01
11
00
18
05
-15
01
11
24
-12
-01
21
04
23
24
01
23
09
03
-10
-02
11
-12
-13
06
12
-10
02
-11
-12
03
06
-03
-07
00
-05
30
44
-41
-173
-65
01
-05
41
21
41
99
-87
-59
-08
05
04
-19
-40
44
00
-77
03
06
-21
-36
-45
16
-52
-41
12
00
-32
-15
28
10
-02
17
-09
-02
-15
-04
33
-11
24
08
07
08
01
18
20
43
25
-04
12
-02
09
-08
-02
-11
02
-12
05
07
26
-06
-03
-10
-05
09
00
-10
-37
-04
-15
-08
29
10
-06
04
-59
-23
28
20
-42
-83
-08
09
-43
-58
42
31
-29
-75
-11
02
32
-29
-45
10
11
-63
-10
-02
06
29
33
28
26
-47
-03
01
-01
-30
-28
-03
-29
-04
-01
05
05
-04
-07
-05
-01
-09
04
03
26
42
36
-04
-26
-68
-03
03
14
06
-15
16
-14
-29
-11
-04
67
-06
04
05
55
08
10
09
15
-18
-15
-13
18
-04
-02
-01
15
23
-11
-04
06
-44
11
07
18
-03
25
05
-42
-13
-02
-02
07
15
20
30
16
07
-08
07
00
03
02
-07
08
-09
-09
-06
17
12
-05
11
07
-06
12
00
31
-05
14
-21
-09
09
-02
-01
-59
-28
56
01
-11
-21
-02
11
-09
49
-03
-17
39
33
01
-05
-53
07
39
-11
15
-33
-10
06
-29
-19
13
35
-21
-62
11
08
10
-20
07
-35
-01
-10
-05
-11
-07
-12
-06
00
-09
09
-06
01
-06
-91
-60
16
-19
-30
05
-09
-41
-122
00
17
-14
-36
01
-02
-69
-63
47
-09
15
-93
06
11
-61
-10
44
08
32
-83
-10
03
-67
-86
-02
00
-47
-60
06
10
-22
-39
-05
-08
17
38
-10
11
-10
-23
-32
05
-01
-04
-06
00
-12
11
-08
10
12
12
05
04
-21
28
01
16
-13
-34
-10
08
-07
-24
-02
05
12
-18
03
12
39
-07
-44
-26
26
04
08
04
29
50
71
22
11
-05
09
-01
14
-06
07
41
07
29
-02
04
-22
-30
-53
-38
16
34
-05
-04
-11
-22
-16
22
22
-02
-07
10
09
12
-06
05
01
-03
07
-11
09
48
46
17
71
10
-11
-11
-23
-16
-09
11
-25
-15
07
-03
-35
-20
30
32
-12
00
01
-10
01
-60
-02
-28
-27
-15
-12
01
39
11
-02
37
26
01
03
-08
-06
18
05
-03
-12
-30
12
-11
04
-19
-19
-27
-27
06
-01
-08
-12
-05
-02
-11
-06
04
-08
04
-23
51
60
33
36
16
03
03
23
24
08
06
12
19
-02
06
67
-23
-27
-25
-30
-64
-03
08
-88
-59
-08
-02
-13
-29
-11
-02
47
00
26
43
16
45
11
-09
23
59
35
16
21
38
-04
11
12
20
-12
51
29
-06
-04
02
07
00
-03
04
00
05
-06
-07
-16
-45
-14
-08
-44
02
-04
-04
03
-02
31
32
-16
-05
-01
00
29
40
19
04
13
10
-10
-10
-40
-72
06
48
-40
-16
-07
02
-61
-07
08
00
-15
24
-04
03
-12
26
12
08
-48
-30
-03
-11
-04
19
12
22
23
-02
-06
-04
-08
-01
07
-11
10
-04
08
-08
-06
16
70
65
-27
-51
10
-07
-24
-44
-41
49
57
17
-10
08
01
-13
-09
-03
18
21
-08
-10
40
08
33
-52
-20
-17
-05
01
31
34
00
17
18
16
-06
-07
11
09
47
13
-23
25
02
00
-11
-18
-05
05
17
06
05
05
12
10
08
04
07
-05
09
-07
-29
-02
43
40
61
46
-09
05
-01
19
02
06
-11
18
-06
07
05
-02
12
-33
-20
-11
06
-07
-36
-09
39
-39
-48
03
06
01
23
03
10
-13
18
50
-09
-04
09
47
62
60
47
-07
01
08
01
-39
-03
-35
-29
-05
-11
12
-07
-08
-09
-05
08
02
-06
-08
25
-43
-49
-22
36
-17
07
10
-07
01
-24
-06
39
13
-04
05
-16
00
-27
22
22
-29
-03
00
-16
-03
04
36
-30
13
05
-04
41
-37
11
-43
-92
-34
-07
10
-02
40
49
-95
-67
09
02
07
-03
32
28
22
04
08
07
-04
-12
-11
01
05
09
01
-07
03
14
54
30
35
-12
-35
00
-03
04
-33
-31
44
29
-31
-09
06
33
-27
-08
09
22
-09
02
10
01
09
12
-24
03
15
11
01
10
08
34
17
35
-20
-08
04
15
-06
22
-21
-06
33
05
05
11
-29
-42
05
12
07
-05
01
05
-07
08
05
-01
04
-02
10
09
-62
-74
-75
-65
-07
00
05
-28
-30
09
52
24
13
04
03
18
55
41
-05
13
39
-12
-07
17
19
05
-01
-09
03
11
02
-17
03
-17
-19
-26
02
12
08
-34
-05
-02
08
14
43
08
01
04
-36
-18
-01
15
-09
-01
07
-12
-12
11
-06
06
00
-01
-09
12
62
33
09
-16
-26
00
06
45
25
54
58
49
-17
-08
00
-15
-42
-34
-31
11
02
-03
00
12
-08
-22
-12
-13
-23
00
-05
19
00
03
23
-36
-05
-09
-03
21
33
32
09
-26
00
10
09
12
31
20
21
12
-08
09
-11
06
-12
-06
-04
06
04
-07
-09
01
12
10
-10
-01
09
04
-12
10
-06
-12
03
01
03
-06
-10
06
01
-08
-03
-04
-08
-07
-08
-05
06
-10
-09
-05
03
12
02
10
-09
-08
-06
-11
-01
12
-04
-07
02
-12
-06
-09
01
-12
-10
-03
-02
04
02
-03
-04
10
-12
03
03
-07
00
00
01
03
-02
33
12
24
12
-27
-62
11
07
-09
-28
-29
-11
35
25
-04
07
-01
-54
47
50
33
04
-07
-02
31
-26
-51
-30
48
-04
-08
-10
48
09
15
24
-36
-97
01
-01
-07
-04
05
-24
-78
-72
08
-04
-07
28
37
17
17
-02
10
-01
11
05
-07
-06
01
01
04
06
11
-93
59
-08
-13
31
05
-02
-78
-54
82
-58
-07
00
06
-06
-48
-45
49
-21
-20
06
-05
00
-26
-45
13
04
19
-51
-10
-04
30
27
-36
30
-13
-62
-11
-03
-10
11
28
10
-21
-35
06
10
07
-03
-22
-26
-15
03
03
04
10
08
07
-10
10
00
01
-03
30
-42
-109
-23
-28
-26
-09
-02
-13
13
05
21
09
35
-12
02
-34
-03
-119
04
01
09
-09
01
-35
-36
00
05
-30
-27
07
-03
-28
35
38
-43
-67
01
09
-01
09
24
27
-58
-105
-43
04
-04
04
53
58
27
08
-05
-07
-01
02
05
02
-09
-12
-01
07
-12
11
20
04
19
35
27
02
-04
07
-05
02
-11
20
04
04
-02
-33
-12
33
01
-02
14
08
-02
-23
48
54
16
04
51
07
-12
04
13
08
23
19
-02
-05
-07
-16
-09
36
15
01
-21
10
04
-08
-22
-34
-32
-16
06
-05
04
11
11
-06
-04
06
-02
-02
-11
31
04
-26
08
22
38
05
05
02
-18
04
-17
-12
22
02
-10
33
23
-07
20
08
-54
-04
06
-01
-93
-104
04
48
-33
-12
-02
64
36
02
30
23
17
-09
02
-34
-19
-10
-20
-31
-23
09
04
01
25
46
37
32
01
01
-08
-05
01
02
-12
-06
03
00
04
11
14
22
01
11
64
02
12
18
-09
31
-14
08
36
-07
-09
10
-04
14
-156
51
-24
-05
09
03
08
00
-92
-01
-20
09
09
06
-09
-50
30
34
-14
-08
-06
-23
-01
08
-15
22
15
-05
-07
-02
43
55
40
-27
09
-12
06
03
10
12
11
-08
09
09
05
-08
60
50
42
-05
05
12
02
-14
-12
00
08
-03
-02
11
01
07
-10
-33
-03
-33
-32
08
-05
-85
-122
-86
01
-12
-57
-10
-03
34
17
09
30
16
08
00
00
32
58
21
11
13
62
-03
08
04
23
40
48
48
-12
-06
-10
12
-10
08
05
-12
-08
08
-05
11
11
-03
09
-49
-66
08
06
55
-24
29
31
-90
-115
-09
07
35
36
-17
-11
16
-32
10
-11
09
-01
-11
09
23
-09
-12
-07
-16
-46
11
49
03
11
-05
10
-10
-102
-42
-35
05
-21
-01
06
-09
12
17
57
56
-01
01
-10
10
05
01
-12
06
-09
04
-12
-07
-45
-35
41
08
41
-10
06
-11
-38
09
09
-01
14
-01
-04
19
-05
-10
09
-05
25
-12
01
22
21
63
14
-62
-17
00
-12
-35
-02
01
-18
-14
30
-05
02
-54
-11
-11
24
39
48
-12
-05
-04
-28
-04
15
01
-05
-10
10
11
06
08
02
-03
-11
02
-08
24
-15
-23
11
10
06
-02
-05
-73
-76
-05
-02
05
-62
-05
02
-83
-25
01
-18
-53
-32
09
09
05
62
61
07
-06
30
-11
10
10
12
-10
-07
19
67
06
08
24
-45
-42
-18
-09
06
-08
-08
-11
-12
02
10
06
-04
04
11
11
04
08
12
07
09
-11
11
19
18
-05
-113
-137
-18
08
12
35
08
34
-12
-79
-44
09
-12
-16
-23
27
-07
-60
-02
01
10
43
41
05
13
43
51
-02
-02
-30
-10
-86
78
-35
-24
02
09
-24
-97
-39
44
25
-47
11
-06
06
16
30
46
12
-08
02
-04
12
02
-09
06
08
00
-05
07
06
-29
-27
-07
50
65
00
00
-66
-40
22
11
23
-38
01
-06
-10
00
-04
18
-64
-90
-09
-08
-06
-41
22
-21
-85
-49
-10
11
-78
-24
45
04
40
28
-10
01
-42
-02
-26
15
32
71
-08
-06
10
-20
-11
-40
-25
-12
11
-04
-04
-05
06
05
00
01
-03
05
18
-107
-144
-91
-31
-29
-08
-07
-18
12
36
-08
-12
08
06
09
08
64
55
10
-04
-03
11
08
-33
-28
19
27
07
-05
04
11
-50
-25
-15
00
-01
08
-09
-07
-13
00
-03
-02
-08
19
-05
07
-02
39
08
14
08
06
-12
10
11
07
00
-09
00
-04
-11
-09
40
28
11
-02
-61
-04
04
01
-13
30
25
24
-09
-16
01
-11
08
11
34
-45
-20
-73
-08
09
-49
04
-03
19
13
56
-02
08
-03
-18
-09
-92
90
39
10
09
03
18
02
87
06
09
-03
07
11
-04
-19
-39
-16
11
06
-09
-12
-04
-08
-03
-01
10
02
08
04
-87
-66
27
38
00
-04
09
09
31
34
-53
69
-62
-10
-08
-23
41
03
22
14
-67
-06
-05
07
-52
08
42
-34
-21
00
02
-50
-22
-06
-07
-10
06
-12
-04
-94
-03
-02
-03
-12
16
06
10
05
15
07
12
28
06
01
12
05
05
-11
04
00
00
-01
-10
21
-38
-44
-46
-05
29
05
-11
02
15
18
14
12
31
06
05
-04
20
46
-26
38
69
-07
10
-40
-48
-56
18
-59
-54
06
05
-113
-16
24
-22
-50
-11
01
07
-22
12
23
05
-20
17
-03
-02
10
24
32
33
29
03
09
12
05
09
-01
06
06
06
00
02
-06
20
57
105
26
-51
12
03
14
-46
-53
-08
52
-03
-11
03
-99
-35
-43
03
23
-06
11
-03
24
18
02
00
-73
-52
-08
08
04
18
-08
34
-01
00
-07
-10
12
46
34
08
75
68
-11
00
06
13
16
-20
-03
-05
-06
-06
01
-10
-11
04
10
07
-09
09
-11
19
26
02
42
37
11
06
02
-38
-15
-43
-24
19
10
-05
-52
-04
13
-14
-41
-11
-03
-01
06
30
12
15
45
39
00
-11
64
27
07
42
-03
-29
-01
04
-11
13
04
-55
-48
-23
03
-08
-02
-08
07
-09
-10
-06
03
-09
-08
-08
-07
04
-06
-11
-05
-12
28
12
62
52
30
35
00
04
05
-02
31
-66
-15
11
-12
-04
-08
44
-30
-30
35
12
-01
12
-06
24
59
31
-36
00
-08
12
-17
-14
-08
03
-14
42
10
-12
-22
-12
-02
07
41
47
-03
-05
-04
-20
-06
20
-04
02
08
-12
11
-03
01
06
03
-10
08
-11
09
-20
10
32
62
31
10
-10
-16
20
40
-21
-58
17
03
00
21
51
07
12
40
04
03
-11
-21
08
05
00
-01
-51
02
-05
-86
-23
-12
-07
03
-54
-10
07
-35
-31
-07
11
15
-16
-03
11
-11
-07
20
35
27
-06
05
-10
-02
03
01
04
-10
10
-08
03
-12
-06
-18
-04
70
55
02
-03
25
-01
35
-89
27
53
11
12
-26
15
06
-51
46
22
10
-06
-15
-18
14
16
-26
-37
04
00
-35
-05
34
-17
03
14
-01
-04
-37
04
47
23
03
30
01
11
-06
06
04
-12
00
-08
12
12
05
-10
04
01
00
09
-11
11
22
16
27
29
00
-21
00
-05
09
03
17
-06
19
-07
-03
06
-28
-54
-30
28
-07
-46
12
-02
-23
-73
-39
00
-27
-50
-02
03
24
22
-11
-15
-09
-03
09
-03
34
48
-09
10
30
42
-04
-10
-03
18
38
18
-08
-05
06
01
-08
-08
-07
-07
10
01
-03
10
-23
-31
21
11
-23
10
03
-11
02
-10
11
12
12
09
06
-01
43
-06
-28
-16
29
42
-03
-02
10
-12
65
17
-39
-69
07
-09
36
16
-13
-01
24
20
-02
05
-31
-06
10
00
17
31
11
12
-03
-20
-22
11
01
00
07
-03
11
04
-11
09
-02
04
-07
-01
13
-28
-15
-27
-75
-51
03
-08
-11
09
07
32
31
-11
07
-05
06
11
-06
00
38
-44
-03
09
30
30
54
07
23
-01
-03
-05
19
-02
-51
-02
10
-29
-09
-07
-13
04
21
15
26
-01
-09
06
-09
-24
-41
-08
-12
06
03
02
-04
06
09
-11
-10
00
04
-07
-09
-50
-62
-17
-18
13
-10
-05
32
-57
-45
-20
24
21
-07
01
49
54
53
-04
38
77
06
-10
-07
20
-80
-36
-27
-19
11
-12
17
-21
-20
08
02
-25
-01
11
-53
16
29
-25
09
-45
-04
-04
-05
66
80
36
16
-11
-12
-02
-04
06
08
-06
-12
10
01
01
13
25
-16
-02
-55
32
-02
01
07
-03
-36
-17
-25
36
-07
-07
-31
-13
-31
21
07
51
12
03
-15
04
35
18
05
08
00
06
-24
36
44
16
-06
-10
-02
11
-79
-86
-90
-102
-101
-44
-05
11
-06
-05
02
04
02
-05
07
02
-10
-07
02
00
09
-11
-06
05
-18
23
44
-65
-37
32
-02
-02
-09
11
21
-30
-07
13
-11
-12
-19
-04
-37
-10
20
01
05
-04
-15
-27
-23
65
10
30
-12
-08
-45
-48
39
-30
11
-05
-01
-10
-86
21
40
-82
10
00
-05
10
10
15
18
19
25
07
-07
04
04
11
-02
11
05
03
-07
03
26
-47
-18
-08
08
-13
01
-12
-06
-30
-15
-01
-08
-10
06
09
-21
-44
11
25
14
-62
12
03
-46
-11
15
30
-43
-32
00
-11
13
-37
-07
40
-109
-42
-12
03
-04
30
19
-29
-57
-09
-02
-06
10
-30
-15
00
-15
-06
01
05
10
-05
-07
-11
-05
-10
02
-04
01
-01
32
52
17
-46
00
-03
16
54
-224
61
-23
-31
07
04
28
42
-56
04
00
-04
04
04
02
-17
-20
21
04
-44
-09
09
-05
23
-28
25
31
18
-10
12
08
20
-29
12
35
28
-05
04
-09
19
-10
07
-07
-08
-04
-06
07
-10
02
-03
-08
-03
-07
-12
01
-14
-21
20
19
12
-09
-06
-02
-03
15
34
35
35
12
-05
-09
17
00
-60
-27
15
-10
10
-34
-30
20
-72
-54
-16
09
-03
-02
-06
24
-23
01
27
11
-01
33
-07
42
61
64
48
-09
-07
12
43
13
08
17
07
02
01
-11
-04
01
-09
08
10
03
00
04
-28
-110
-101
-86
-44
09
-11
-60
-57
-46
11
41
31
-04
07
-26
-07
32
04
04
72
-05
-08
-37
12
23
-12
-110
-43
04
02
-96
15
22
-36
-92
-15
-10
-08
-37
03
02
-54
-66
16
03
12
05
-25
-07
23
-16
-05
-11
-07
-02
02
00
12
00
-03
08
06
-28
27
16
-28
-17
08
09
04
-13
20
52
53
55
46
02
-05
-06
-36
-48
-30
-19
-34
-04
-10
-84
-17
-20
-12
-11
-26
09
11
31
-02
06
21
03
06
10
-01
21
21
39
21
07
36
-02
04
04
52
25
39
16
08
10
09
09
-08
04
-09
12
12
04
-11
-13
-16
-03
-35
00
-29
05
-08
-30
04
-38
43
32
-09
-11
10
-67
24
-17
-46
-10
33
-01
02
-14
25
60
-39
26
27
-08
-01
-15
47
-03
-91
04
35
-12
02
13
33
37
-54
-46
-28
-12
10
-04
15
-02
35
40
-05
-12
10
06
10
-12
07
-12
-04
-12
-11
30
-30
-54
-39
31
46
-11
05
29
10
-39
09
07
00
-07
05
02
14
09
-04
21
-13
05
-11
-64
54
-28
05
41
-10
-09
-04
-10
-08
-41
50
-61
-57
-07
11
-59
-40
12
19
-12
-25
03
-03
-02
43
33
38
07
-09
-06
09
-06
01
-08
08
06
12
-09
04
29
13
20
30
17
57
12
-04
17
06
12
30
-15
23
03
-07
06
01
14
-02
-27
-09
12
-01
41
-26
-65
-31
17
31
04
02
27
00
-46
30
27
07
-04
08
-29
-36
-24
46
08
-66
-05
-09
-08
21
51
04
10
-12
-09
-09
-04
00
-10
01
12
-11
-12
-03
-27
50
15
-10
07
-21
-11
06
-04
-25
00
-19
04
-32
01
-10
-20
-22
08
-02
11
-27
-03
-02
26
10
-09
47
29
11
00
-09
22
12
09
36
17
10
05
04
-50
-64
-131
-110
-30
-01
-03
01
00
-16
-07
-10
-18
-03
10
-10
12
04
-06
09
00
-07
00
-12
-07
00
26
30
15
-28
05
-07
17
-18
02
-41
-32
-12
05
-09
21
55
-01
-05
79
79
-06
04
20
41
-65
-63
-22
78
07
06
-14
-46
-17
06
37
04
-01
02
-70
-29
-07
33
23
-66
09
07
12
54
70
43
25
-09
-08
-07
03
03
-11
-03
05
03
06
03
-26
-21
-26
-01
20
12
08
-06
-75
-41
09
48
36
-18
-04
04
-33
22
17
-60
14
10
07
-12
05
15
-26
-12
-06
-22
01
12
-11
20
20
03
03
12
05
06
14
05
-08
-12
-24
56
-07
-07
-12
-40
-18
02
-06
-08
-09
01
05
-01
00
00
-01
07
-02
-12
08
-09
-22
05
-24
-42
11
03
-09
-23
42
49
22
-31
09
-04
33
22
03
-17
51
-18
-12
-11
40
13
-67
-32
14
-16
-12
-10
-10
-10
28
-15
-47
-46
-02
-06
35
16
13
-18
-06
03
11
-12
03
12
19
63
52
03
04
05
02
05
-01
05
10
-08
00
-12
-26
-25
05
-09
01
-58
10
11
-54
01
04
06
-21
-87
07
10
-57
20
-17
-42
54
-52
03
-02
-57
20
25
-29
47
-32
05
09
-62
-06
25
40
21
00
-07
02
17
-21
-19
-16
-37
29
-10
-03
09
-22
-38
-04
-02
-04
-12
-04
-06
-12
-11
-11
05
00
00
10
-15
07
35
17
-28
18
-03
-12
21
67
31
-46
19
22
-12
-09
16
30
-21
01
-07
10
-05
-11
06
-29
-28
29
02
-20
-03
02
-83
-111
49
31
13
-34
-01
00
-71
-62
-19
22
-18
-56
-12
-05
-09
39
41
25
18
-09
08
-03
11
-06
-07
04
-03
00
-05
-04
03
-38
17
54
17
34
06
02
-55
-02
35
-25
-36
-11
02
08
-10
40
-04
-09
20
30
05
-02
-21
43
43
15
06
03
-12
-11
-03
24
-18
-17
06
03
-01
04
-33
-38
-15
-13
28
49
-06
01
09
-20
-25
-21
-17
11
-10
04
09
-03
07
03
-02
-11
02
-08
02
-15
-21
-16
34
37
-08
06
14
-13
05
38
30
68
03
-11
03
12
-15
-89
-177
-161
-02
08
-09
-01
08
36
07
-58
-11
02
-83
10
04
28
10
-07
-05
-09
-06
-29
00
27
11
08
-12
12
-03
-12
30
03
25
12
03
09
-11
03
-08
-08
11
08
02
-09
37
-59
-79
-03
-18
18
-06
02
-49
-41
28
05
16
43
09
00
-50
09
09
-03
21
22
12
12
-22
31
24
23
-15
23
-03
09
-21
07
-17
18
-44
-26
06
-03
-37
-14
36
-06
-34
16
-12
04
-12
-22
-23
-22
-15
06
02
